2.159581422805786
2.226210117340088
2.13377046585083
2.1549301147460938
1.945001244544983
1.9828625917434692
1.95827054977417
1.6897815465927124
1.833292841911316
1.7282735109329224
1.7502846717834473
1.844787359237671
1.7465554475784302
1.8605523109436035
1.6617316007614136
1.6201746463775635
1.8185679912567139
1.651580810546875
1.6645597219467163
1.645463466644287
1.6047664880752563
1.62508225440979
1.601265549659729
1.7952642440795898
1.718058705329895
1.8552714586257935
1.6796070337295532
1.5944808721542358
1.40774405002594
1.5905967950820923
1.456059455871582
1.698554515838623
1.4340654611587524
1.7282953262329102
1.424133539199829
1.4739054441452026
1.3615299463272095
1.631807804107666
1.5403869152069092
1.5547090768814087
1.4906518459320068
1.335845947265625
1.3033716678619385
1.2008801698684692
1.357093095779419
1.4645401239395142
1.4534116983413696
1.3215266466140747
1.5002799034118652
1.3757562637329102
1.4463379383087158
1.225115418434143
1.2661054134368896
1.6022813320159912
1.2800928354263306
1.307136058807373
1.3766498565673828
1.2894132137298584
1.2091469764709473
1.477271556854248
1.3345099687576294
1.1600897312164307
1.3334769010543823
1.2585803270339966
1.0053404569625854
1.260269045829773
1.2358416318893433
1.4312094449996948
1.1553863286972046
1.0620803833007812
