2.2548341751098633
2.3640618324279785
2.3403141498565674
2.1661148071289062
2.1785709857940674
2.1906914710998535
2.0750670433044434
2.0945305824279785
2.1714324951171875
1.8700509071350098
1.8943803310394287
1.838447093963623
1.7722610235214233
1.830231785774231
1.7238086462020874
1.729827880859375
1.8587100505828857
1.7239680290222168
1.776465892791748
1.8077081441879272
1.8377994298934937
1.8855684995651245
1.6879003047943115
1.9249807596206665
1.726090669631958
1.8082813024520874
1.6884301900863647
1.5435045957565308
1.6171562671661377
1.7778525352478027
1.4899928569793701
1.633933424949646
1.6121171712875366
1.5994242429733276
1.8627746105194092
1.558642029762268
1.5260279178619385
1.67136549949646
1.6123014688491821
1.4303046464920044
1.4481734037399292
1.5743787288665771
1.5999191999435425
1.560012698173523
1.4075918197631836
1.5710829496383667
1.5672529935836792
1.4256030321121216
1.4898059368133545
1.3533902168273926
1.5859034061431885
1.4798699617385864
1.6881195306777954
1.2322282791137695
1.3821208477020264
1.3813352584838867
1.3271328210830688
1.5848067998886108
1.3579511642456055
1.2156355381011963
1.1261309385299683
1.3704438209533691
1.3816196918487549
1.3542944192886353
1.4917051792144775
1.281440019607544
1.3323971033096313
1.2079106569290161
1.226535677909851
1.2717801332473755
