1.6910761594772339
1.6556236743927002
1.5035438537597656
1.6161903142929077
1.4638179540634155
1.3998022079467773
1.3071469068527222
1.1569492816925049
1.3596233129501343
1.2351442575454712
1.146390438079834
1.271418571472168
1.237825632095337
1.1467571258544922
0.957391083240509
0.9970827698707581
0.7963824272155762
0.9131121039390564
0.9249644875526428
0.8881759643554688
0.9430317282676697
0.6969164609909058
0.4880867898464203
0.8043855428695679
0.9019810557365417
0.8039883375167847
0.7597675919532776
0.5472356081008911
0.5858263969421387
0.4880358874797821
0.42904356122016907
0.5014753341674805
0.37948718667030334
0.35422283411026
0.5420514345169067
0.2652567923069
0.2635399103164673
0.3932068347930908
0.1965789794921875
0.30141422152519226
0.3246626555919647
0.26194891333580017
0.15309715270996094
0.2681126594543457
0.2804691791534424
0.22798557579517365
0.1812417358160019
0.2807645797729492
0.18260857462882996
0.13043944537639618
0.09445905685424805
0.12683361768722534
0.08467432111501694
0.08954127132892609
0.11512584239244461
0.15234458446502686
0.059279777109622955
0.059459757059812546
0.2069859802722931
0.06287149339914322
0.05392354726791382
0.0605708546936512
0.11334154009819031
0.02170342579483986
0.04947018250823021
0.037408534437417984
0.029593240469694138
0.057393889874219894
0.09595047682523727
0.06870011985301971
