2.2339706420898438
2.298128366470337
1.9218944311141968
1.9770146608352661
2.0115976333618164
1.8091939687728882
1.885028600692749
1.6569137573242188
1.6584153175354004
1.665948510169983
1.626347303390503
1.48500657081604
1.5972799062728882
1.4778523445129395
1.7804515361785889
1.3789114952087402
1.365231990814209
1.3465675115585327
1.3966059684753418
1.7335067987442017
1.4641112089157104
1.32085382938385
1.3806630373001099
1.262413740158081
1.288585901260376
1.3278250694274902
1.4649286270141602
1.5278370380401611
1.3733049631118774
1.1706689596176147
1.3706066608428955
1.1896207332611084
1.410013198852539
1.252631425857544
1.2461824417114258
1.1154435873031616
1.1163129806518555
1.2309467792510986
1.0798299312591553
1.292158603668213
1.1291500329971313
1.4730314016342163
1.0045665502548218
1.0130136013031006
1.075989842414856
0.9510813355445862
1.0599520206451416
1.1316343545913696
0.988091766834259
1.2462890148162842
0.9623542428016663
1.1639292240142822
1.04854154586792
1.1034077405929565
0.931707501411438
1.0424017906188965
0.9038629531860352
0.8313315510749817
0.8127557039260864
0.9321975111961365
0.9731073379516602
0.9347257018089294
0.9660894274711609
0.9504948258399963
0.8821007609367371
1.1190553903579712
0.8554472923278809
0.9494641423225403
0.9443212747573853
0.582464873790741
