1.9535716772079468
1.715137004852295
1.6092746257781982
1.1651514768600464
1.4371144771575928
1.557239294052124
1.328194499015808
1.358658790588379
1.3248820304870605
1.3704544305801392
1.3367199897766113
1.223063588142395
1.3120479583740234
1.2890268564224243
1.0646133422851562
0.9330425262451172
1.0012693405151367
0.9333345293998718
1.1003165245056152
1.060884714126587
0.7394855618476868
0.6963234543800354
0.7119904160499573
0.938816487789154
0.553511381149292
0.5205099582672119
0.5438872575759888
0.6230798959732056
0.38610637187957764
0.35144439339637756
0.6489533185958862
0.3376329243183136
0.4115823805332184
0.3847341537475586
0.44999656081199646
0.19377079606056213
0.1921101063489914
0.29392945766448975
0.12761150300502777
0.1910059154033661
0.18313664197921753
0.14121699333190918
0.17426465451717377
0.0849204733967781
0.06926863640546799
0.2744920253753662
0.24216978251934052
0.19276417791843414
0.15434296429157257
0.11098045855760574
0.03800234943628311
0.25647851824760437
0.06105915084481239
0.11301521956920624
0.11642295867204666
0.1326417624950409
0.09630393981933594
0.04148155823349953
0.12178558111190796
0.02469618432223797
0.048910871148109436
0.1332525908946991
0.14088626205921173
0.1204313337802887
0.08222442865371704
0.09305605292320251
0.1626349240541458
0.16796639561653137
0.12123816460371017
0.18707744777202606
